id,name,age,city
1,Alice,30,New York
2,Bob,25,Los Angeles
3,Charlie,35,Chicago
4,David,28,Boston
5,Eve,22,Seattle